149 597 149 597 149 597 345 597
345 597 361 597 365 599 368 606
368 606 406 695 368 606 406 695
406 695 397 702 406 695 397 702
397 702 382 681 372 676 351 676
351 676 351 676 351 676 142 676
142 676 33 439 142 676 33 439
33 439 32 438 32 436 32 434
32 434 32 428 35 426 44 426
44 426 74 426 109 420 149 408
149 408 269 372 324 310 324 208
324 208 324 112 264 37 185 37
185 37 165 37 149 44 119 66
119 66 86 90 65 99 42 99
42 99 14 99 0 87 0 62
0 62 0 24 46 0 121 0
121 0 205 0 282 27 333 78
333 78 378 123 399 180 399 256
399 256 399 327 381 372 333 422
333 422 288 468 232 491 112 512
112 512 112 512 149 597 149 597