289 452 289 452 166 452 166 452
166 452 166 452 166 568 166 568
166 568 166 627 185 657 223 657
223 657 245 657 258 647 276 618
276 618 292 589 304 580 321 580
321 580 345 580 363 598 363 621
363 621 363 657 319 683 259 683
259 683 196 683 144 656 118 611
118 611 92 566 84 530 83 450
83 450 83 450 1 450 1 450
1 450 1 450 1 418 1 418
1 418 1 418 83 418 83 418
83 418 83 418 83 104 83 104
83 104 83 31 72 19 0 15
0 15 0 15 0 0 0 0
0 0 0 0 260 0 260 0
260 0 260 0 260 15 260 15
260 15 178 18 167 29 167 104
167 104 167 104 167 418 167 418
167 418 167 418 289 418 289 418
289 418 289 418 289 452 289 452
